Laps done: 11

Power data:

34.50, 8.05, 344.20, 2776.00, 8.08
83.78, 7.96, 860.80, 6856.00, 8.05
70.79, 7.98, 708.40, 5734.00, 8.05
68.29, 7.99, 707.70, 5102.00, 8.06
64.30, 7.99, 645.50, 5158.00, 8.06
70.39, 7.98, 742.00, 5738.00, 8.05
67.47, 7.99, 650.10, 5184.00, 8.06
63.24, 7.99, 667.60, 5230.00, 8.05
67.25, 7.99, 672.60, 5368.00, 8.06
65.39, 7.99, 654.00, 5198.00, 8.05
69.42, 7.99, 636.90, 5296.00, 8.06
64.68, 7.98, 708.10, 5514.00, 8.04
63.71, 8.00, 669.10, 5466.00, 8.06
63.76, 7.98, 668.90, 5400.00, 8.04
68.56, 7.99, 643.20, 5262.00, 8.06
64.47, 7.98, 697.40, 5568.00, 8.05
74.22, 7.97, 764.40, 6092.00, 8.05
67.21, 7.98, 680.40, 5436.00, 8.05
90.44, 7.96, 815.00, 6492.00, 8.05
67.93, 7.98, 681.60, 5430.00, 8.05
71.81, 7.98, 654.40, 5570.00, 8.05
69.52, 7.97, 707.70, 5640.00, 8.04
61.51, 7.99, 675.70, 5394.00, 8.05
104.30, 7.91, 1104.10, 8736.00, 8.01
70.67, 7.96, 759.50, 6050.00, 8.03
71.82, 7.98, 704.80, 5624.00, 8.05
64.08, 7.99, 661.40, 5282.00, 8.05
78.48, 7.96, 789.00, 6282.00, 8.04
62.59, 7.99, 599.70, 4790.00, 8.05
64.11, 7.99, 609.40, 4866.00, 8.05
111.96, 7.90, 1099.50, 8694.00, 8.02
63.59, 7.99, 684.00, 5460.00, 8.05
68.52, 7.98, 650.70, 5194.00, 8.05
66.71, 7.98, 675.80, 4934.00, 8.04
66.74, 7.98, 678.70, 5544.00, 8.04
108.38, 7.90, 1125.40, 8422.00, 8.00
65.96, 7.98, 645.20, 5292.00, 8.05
64.86, 7.98, 641.80, 5118.00, 8.04
70.68, 7.97, 683.10, 5450.00, 8.04
64.12, 7.98, 697.20, 5564.00, 8.04
61.91, 7.99, 625.40, 4990.00, 8.05
66.60, 7.99, 602.70, 4810.00, 8.05
64.03, 7.98, 660.90, 5272.00, 8.05
71.19, 7.98, 669.50, 5334.00, 8.05
66.95, 7.98, 682.50, 5440.00, 8.04
70.28, 7.97, 690.50, 5456.00, 8.04
64.00, 7.98, 620.60, 4948.00, 8.05
97.17, 7.92, 936.70, 6980.00, 8.02
64.12, 7.98, 668.00, 5364.00, 8.04
65.03, 7.98, 669.70, 5344.00, 8.05
75.92, 7.96, 695.30, 5534.00, 8.03
66.36, 7.98, 619.00, 4938.00, 8.05
63.32, 7.98, 622.40, 4964.00, 8.04
69.50, 7.97, 758.10, 6040.00, 8.04
66.23, 7.98, 639.20, 5098.00, 8.04
65.16, 7.97, 670.90, 5348.00, 8.04
81.04, 7.95, 830.40, 6596.00, 8.03
138.59, 7.85, 1393.90, 10460.00, 7.99
66.14, 7.97, 669.30, 5296.00, 8.04
109.66, 7.90, 1043.30, 8458.00, 8.01
103.28, 7.91, 952.70, 6544.00, 8.02
67.98, 7.97, 648.00, 5316.00, 8.04
62.87, 7.98, 662.20, 5262.00, 8.04
98.18, 7.92, 938.30, 7560.00, 8.01
81.68, 7.95, 765.30, 6292.00, 8.03
63.59, 7.98, 639.00, 5194.00, 8.04
65.87, 7.97, 633.20, 5226.00, 8.03
64.66, 7.97, 672.70, 5360.00, 8.04
66.03, 7.98, 641.00, 5282.00, 8.04
116.47, 7.88, 1161.50, 9158.00, 8.00
70.25, 7.94, 909.30, 7212.00, 8.01
66.45, 7.97, 666.60, 5318.00, 8.03
60.76, 7.98, 640.50, 5102.00, 8.04
74.47, 7.95, 842.10, 6692.00, 8.02
61.60, 7.97, 657.00, 5240.00, 8.03
75.75, 7.96, 754.40, 6000.00, 8.03
60.38, 7.98, 680.40, 5420.00, 8.04
67.32, 7.97, 671.00, 5220.00, 8.04
69.39, 7.96, 682.00, 5306.00, 8.03
66.94, 7.97, 684.50, 5420.00, 8.03
78.08, 7.94, 696.40, 5544.00, 8.02
73.35, 7.95, 731.10, 5856.00, 8.03
67.13, 7.97, 620.40, 7038.00, 8.04
65.03, 7.97, 664.20, 5162.00, 8.03
69.38, 7.96, 737.60, 5868.00, 8.03
133.40, 7.86, 1315.00, 10332.00, 7.99
70.59, 7.96, 686.00, 5580.00, 8.03
69.89, 7.96, 708.10, 5564.00, 8.03
66.13, 7.98, 641.50, 4902.00, 8.04
68.21, 7.96, 678.00, 5400.00, 8.03
62.10, 7.97, 612.10, 4876.00, 8.03
66.76, 7.96, 647.60, 4778.00, 8.03
64.75, 7.97, 652.10, 5194.00, 8.03
64.38, 7.97, 648.50, 5170.00, 8.03
64.35, 7.97, 628.90, 5010.00, 8.03
71.11, 7.96, 747.10, 5832.00, 8.03
62.73, 7.96, 659.20, 5252.00, 8.03
64.81, 7.97, 653.50, 5204.00, 8.03
66.05, 7.97, 676.10, 5384.00, 8.03
66.28, 7.96, 671.00, 5344.00, 8.03
66.26, 7.97, 675.40, 5380.00, 8.03
66.50, 7.96, 669.20, 5328.00, 8.03
62.91, 7.96, 692.30, 5512.00, 8.03
65.85, 7.97, 600.30, 4780.00, 8.03
71.83, 7.96, 724.00, 5768.00, 8.03
61.48, 7.98, 635.90, 5070.00, 8.04
66.92, 7.96, 625.30, 5162.00, 8.03
71.50, 7.95, 740.00, 5892.00, 8.02
66.40, 7.97, 677.70, 5400.00, 8.04
67.34, 7.96, 669.80, 5332.00, 8.03
66.54, 7.96, 680.40, 5416.00, 8.03
61.67, 7.98, 642.60, 5128.00, 8.04
89.89, 7.93, 876.10, 5914.00, 8.02
86.95, 7.93, 849.80, 6946.00, 8.01
79.78, 7.94, 691.50, 5496.00, 8.02
64.90, 7.96, 648.70, 5288.00, 8.02
62.94, 7.96, 643.20, 4988.00, 8.03
67.61, 7.96, 632.60, 5040.00, 8.03
64.76, 7.96, 655.50, 5224.00, 8.03
63.90, 7.96, 597.70, 5116.00, 8.03
66.60, 7.96, 608.40, 5388.00, 8.03
59.87, 7.96, 652.40, 5194.00, 8.02
67.76, 7.96, 654.90, 5214.00, 8.02
66.56, 7.96, 672.10, 5352.00, 8.02
80.09, 7.94, 789.00, 5868.00, 8.02
65.86, 7.96, 754.60, 5990.00, 8.03
65.56, 7.96, 664.10, 5288.00, 8.03
70.66, 7.95, 705.80, 5616.00, 8.02
66.61, 7.96, 667.60, 5318.00, 8.03
63.19, 7.96, 655.00, 5220.00, 8.02
63.73, 7.96, 633.70, 5044.00, 8.03
65.04, 7.96, 650.20, 5174.00, 8.03
67.87, 7.95, 706.40, 5616.00, 8.02
98.84, 7.90, 955.80, 7560.00, 8.00
125.76, 7.86, 1231.70, 9690.00, 7.99
61.53, 7.96, 665.30, 5298.00, 8.02
64.06, 7.96, 672.40, 5352.00, 8.02
62.93, 7.96, 621.40, 4948.00, 8.02
72.90, 7.94, 767.50, 6102.00, 8.02
63.67, 7.96, 650.00, 5178.00, 8.02
62.73, 7.96, 664.00, 5270.00, 8.03
63.68, 7.96, 690.10, 5128.00, 8.02
62.24, 7.97, 672.40, 5352.00, 8.03
66.48, 7.96, 676.50, 5388.00, 8.03
68.80, 7.96, 683.80, 5344.00, 8.02
70.13, 7.96, 654.50, 5200.00, 8.03
81.53, 7.93, 758.30, 5914.00, 8.01
64.66, 7.96, 650.60, 5496.00, 8.02
64.52, 7.95, 712.50, 5548.00, 8.01
64.68, 7.95, 658.00, 5242.00, 8.02
60.62, 7.96, 607.60, 4872.00, 8.02
62.31, 7.96, 666.60, 5178.00, 8.02
61.49, 7.96, 662.10, 4988.00, 8.02
66.86, 7.96, 602.50, 4794.00, 8.02
63.28, 7.96, 669.60, 5358.00, 8.03
61.48, 7.96, 651.20, 5404.00, 8.02
69.38, 7.95, 695.30, 5528.00, 8.02
96.80, 7.90, 898.50, 7114.00, 8.00
56.28, 7.97, 645.90, 5128.00, 8.03
64.40, 7.96, 628.90, 5008.00, 8.02
72.35, 7.94, 694.90, 5518.00, 8.02
62.74, 7.96, 616.10, 4906.00, 8.03
67.61, 7.96, 652.60, 5026.00, 8.03
168.41, 7.78, 1618.00, 12848.00, 7.95
66.74, 7.95, 671.50, 5342.00, 8.02
67.90, 7.95, 693.30, 5206.00, 8.02
88.80, 7.92, 887.00, 7012.00, 8.00
63.82, 7.96, 576.90, 4752.00, 8.03
93.04, 7.91, 808.40, 6104.00, 8.01
98.59, 7.90, 991.80, 7218.00, 8.00
66.42, 7.95, 627.50, 5312.00, 8.02
60.09, 7.96, 625.10, 4672.00, 8.02
67.60, 7.95, 683.40, 5404.00, 8.02
64.25, 7.96, 622.10, 4952.00, 8.02
70.70, 7.94, 656.10, 5214.00, 8.01
68.00, 7.95, 668.20, 5316.00, 8.02
69.12, 7.95, 659.10, 5298.00, 8.02
68.39, 7.95, 661.20, 5260.00, 8.02
68.53, 7.95, 663.20, 5462.00, 8.02
62.72, 7.96, 632.40, 5144.00, 8.02
58.86, 7.96, 653.60, 5148.00, 8.02
60.10, 7.96, 621.40, 4918.00, 8.02
61.87, 7.96, 650.30, 4860.00, 8.02
65.87, 7.96, 656.00, 5162.00, 8.02
70.04, 7.94, 697.10, 5538.00, 8.01
66.20, 7.95, 597.70, 4752.00, 8.02
65.06, 7.95, 632.50, 5034.00, 8.02
64.43, 7.96, 644.40, 5126.00, 8.02
63.82, 7.96, 606.00, 4820.00, 8.02
73.52, 7.94, 677.40, 5384.00, 8.01
65.44, 7.95, 626.30, 4980.00, 8.02
128.56, 7.85, 1274.90, 9932.00, 7.98
61.28, 7.95, 631.90, 5030.00, 8.01
70.77, 7.94, 706.10, 5614.00, 8.01
86.31, 7.92, 806.90, 6390.00, 8.01
62.99, 7.96, 629.80, 5008.00, 8.02
74.25, 7.94, 744.90, 5918.00, 8.01
63.04, 7.96, 671.90, 5344.00, 8.02
62.69, 7.96, 626.60, 5338.00, 8.02
65.72, 7.95, 650.20, 5512.00, 8.02
64.52, 7.95, 768.40, 8562.00, 8.01
74.61, 7.94, 664.20, 5282.00, 8.01
65.64, 7.95, 677.70, 5388.00, 8.01
64.05, 7.95, 663.90, 5276.00, 8.01
65.18, 7.95, 637.70, 5076.00, 8.02
64.59, 7.96, 594.60, 5008.00, 8.02
66.49, 7.95, 649.40, 5266.00, 8.01
67.75, 7.95, 659.90, 5250.00, 8.02
73.17, 7.94, 770.40, 6108.00, 8.01
62.43, 7.95, 656.40, 5216.00, 8.01
64.09, 7.95, 646.20, 5138.00, 8.02
63.89, 7.94, 628.00, 4994.00, 8.01
61.64, 7.95, 620.40, 5010.00, 8.01
87.68, 7.91, 735.30, 5832.00, 8.00
68.72, 7.94, 663.00, 5266.00, 8.01
63.39, 7.95, 579.80, 4610.00, 8.01
64.31, 7.95, 645.50, 5132.00, 8.01
64.54, 7.95, 628.50, 4994.00, 8.02
63.48, 7.96, 670.70, 5324.00, 8.02
60.62, 7.96, 644.80, 5128.00, 8.02
64.03, 7.95, 658.30, 5236.00, 8.01
58.82, 7.95, 646.70, 5142.00, 8.01
64.45, 7.95, 651.20, 5178.00, 8.01
101.30, 7.88, 1002.90, 7904.00, 7.98
64.83, 7.95, 630.70, 5126.00, 8.01
63.66, 7.95, 652.10, 5178.00, 8.02
66.31, 7.94, 666.60, 5296.00, 8.01
65.25, 7.95, 649.60, 5162.00, 8.01
60.70, 7.95, 642.40, 5092.00, 8.01
59.52, 7.95, 623.40, 4954.00, 8.01
62.17, 7.95, 598.60, 4762.00, 8.01
111.27, 7.87, 1111.60, 8756.00, 7.98
65.64, 7.95, 647.70, 5144.00, 8.01
64.73, 7.95, 657.30, 5226.00, 8.01
64.77, 7.94, 641.60, 5098.00, 8.01
70.25, 7.94, 696.90, 5538.00, 8.01
66.93, 7.94, 671.80, 5338.00, 8.01